<?xml version="1.0"?>
<opencv_storage>
<calibration_Time>"Fri Aug  7 15:10:54 2015"</calibration_Time>
<nrOfFrames>25</nrOfFrames>
<image_Width>1920</image_Width>
<image_Height>1080</image_Height>
<board_Width>9</board_Width>
<board_Height>6</board_Height>
<square_Size>28.</square_Size>
<FixAspectRatio>1.</FixAspectRatio>
<!-- flags:  +fix_aspectRatio +fix_principal_point +zero_tangent_dist -->
<flagValue>14</flagValue>
<Camera_Matrix type_id="opencv-matrix">
  <rows>3</rows>
  <cols>3</cols>
  <dt>d</dt>
  <data>
    1.7757755882152389e+03 0. 9.5950000000000000e+02 0.
    1.7757755882152389e+03 5.3950000000000000e+02 0. 0. 1.</data></Camera_Matrix>
<Distortion_Coefficients type_id="opencv-matrix">
  <rows>5</rows>
  <cols>1</cols>
  <dt>d</dt>
  <data>
    -1.9804821976298789e-01 5.0911663116346801e+00 0. 0.
    -2.6445525450338607e+01</data></Distortion_Coefficients>
<Avg_Reprojection_Error>3.4576393306553010e-01</Avg_Reprojection_Error>
<Per_View_Reprojection_Errors type_id="opencv-matrix">
  <rows>25</rows>
  <cols>1</cols>
  <dt>f</dt>
  <data>
    3.41814369e-01 3.57998163e-01 4.47219908e-01 2.95725495e-01
    3.74127060e-01 2.13564485e-01 2.98702717e-01 3.48083138e-01
    1.84044763e-01 2.42103741e-01 2.95587361e-01 2.30000347e-01
    2.01201066e-01 3.13602954e-01 3.48225296e-01 2.82815844e-01
    3.38995695e-01 2.26617828e-01 3.40366066e-01 4.09190238e-01
    4.82392192e-01 2.15004221e-01 3.76165569e-01 5.12269080e-01
    5.95945299e-01</data></Per_View_Reprojection_Errors>
<!-- a set of 6-tuples (rotation vector + translation vector) for each view -->
<Extrinsic_Parameters type_id="opencv-matrix">
  <rows>25</rows>
  <cols>6</cols>
  <dt>d</dt>
  <data>
    -4.0254362044629823e-02 1.0953714419030157e-01
    -1.5735249146497357e+00 -7.5411473000717237e+01
    1.2143399499890097e+02 7.1255467043366309e+02
    -3.3934461240830577e-01 3.7689570958274077e-01
    -1.5671474124212308e+00 -7.4052941677572051e+01
    1.1083572409295471e+02 7.8431810731615951e+02
    -5.2879116607008048e-01 5.4554930340770580e-01
    -1.5183417438591496e+00 -1.3311393816126750e+02
    1.1898956862106010e+02 9.3128437857708013e+02
    -2.1386842187916860e-01 5.6602738473453773e-01
    -7.4122580945238914e-01 -1.3409611885258963e+02
    2.8513961502261207e+01 1.1910915263927170e+03
    -2.9000550867626884e-01 7.6096570695682419e-01
    -7.0206109732655719e-01 -1.9125403864705368e+02
    2.7589270694487709e+01 1.2032600576467373e+03
    -1.3781173523326288e-02 1.2792589142113925e-01
    2.5962318271533229e-03 -9.6910871114764674e+01
    -5.7525983657296024e+01 1.0053183065466548e+03
    -5.2640198680908258e-03 4.5455527963624703e-01
    7.1953221016284753e-03 -1.2417082387163083e+02
    -6.6887757943649049e+01 9.7844405234997271e+02
    1.9457523667862939e-02 6.1315813309892053e-01 8.3233651299530927e-03
    -1.6489801494899277e+02 -6.8425585909772721e+01
    1.0724645803684325e+03 1.4774060938344005e-01 4.2109510427326052e-01
    7.4044931856017937e-01 -3.1397444156875348e+01
    -1.0928794727161191e+02 1.2371435413923480e+03
    2.1742569338228029e-01 6.3051326681581810e-01 7.3020510133070793e-01
    -5.4142977454399485e+01 -1.1439551916338948e+02
    1.3113952987545729e+03 2.6524019818239591e-01 7.5784350812215739e-01
    6.6723405672808178e-01 -1.3257791032302654e+02
    -9.7616028798222132e+01 1.3030364125843491e+03
    8.3420080751365644e-02 8.3198175574569599e-02 1.5702914425097794e+00
    1.0099891814211388e+02 -9.1952540250001931e+01
    1.0371789218572319e+03 4.5731125055706473e-01 4.5111638712294677e-01
    1.5344827387989701e+00 -1.2245611685286574e+01
    -1.0504375121025892e+02 1.1664811857728052e+03
    5.9849141429142605e-01 5.7401910799016753e-01 1.5108097113344237e+00
    4.6580473656535482e+01 -1.0789437606330118e+02
    8.4879078692311293e+02 4.4103298679440428e-01 2.2825286981869464e-01
    2.3850251691309081e+00 9.4252739009078979e+01
    -5.9611333802860766e-01 1.0657944877942621e+03
    7.3896588199806734e-01 3.4162151021767456e-01 2.2711454552222445e+00
    2.9080768198024188e+01 -2.5740818602940994e+01
    1.0184742204033064e+03 9.3805866553847728e-01 3.6395445091980810e-01
    2.1950857045503374e+00 -2.6554889885434392e+00
    -2.0083524445352008e+01 9.2518242947050351e+02
    1.5581860685800519e-01 3.0697536275601789e-02 3.1289299801590165e+00
    1.2217472325079360e+02 9.2139818878269892e+01 9.7181517410984884e+02
    -7.0479521263767264e-01 1.5812266893069346e-02
    -3.0488520376622610e+00 2.8599485015449403e+01
    8.8524751378293004e+01 8.9135841739372552e+02
    -1.0051818883038353e+00 1.1311519653500203e-02
    -2.9419543092385667e+00 4.5060509549131709e+01
    7.1767560927968532e+01 7.9756779332571671e+02
    -1.2428102035139765e+00 -3.1385708545694134e-02
    -2.8640155996722392e+00 2.8743074804038752e+01
    8.5915683825791859e+01 7.3413203055583153e+02
    -1.7055149027077970e-01 8.2723744377010064e-02
    -2.4113909771192721e+00 -4.8648251028406897e+01
    1.2504707082940789e+02 9.2592798108061857e+02
    -7.4809933384460148e-01 2.0915852057707826e-01
    -2.4023542235193038e+00 -1.8124666548261573e+01
    1.2059459650785948e+02 8.9196068165557870e+02
    -7.5080024922464761e-01 4.5100809154329363e-01
    -2.9064158456697586e+00 -7.6477490219178549e+01
    2.0290364705571804e+02 8.0794024950767994e+02 6.3758093179784292e-01
    -8.3936177817716651e-01 2.4940658291085631e+00
    4.0593852093242859e+01 9.8060045382182324e+01 7.6945655755319160e+02</data></Extrinsic_Parameters>
