<?xml version="1.0"?>
<opencv_storage>
<calibration_Time>"Wed May  6 14:25:07 2015"</calibration_Time>
<nrOfFrames>20</nrOfFrames>
<image_Width>1280</image_Width>
<image_Height>853</image_Height>
<board_Width>9</board_Width>
<board_Height>6</board_Height>
<square_Size>28.</square_Size>
<FixAspectRatio>1.</FixAspectRatio>
<!-- flags:  +fix_aspectRatio +fix_principal_point +zero_tangent_dist -->
<flagValue>14</flagValue>
<Camera_Matrix type_id="opencv-matrix">
  <rows>3</rows>
  <cols>3</cols>
  <dt>d</dt>
  <data>
    1.3144998900735968e+03 0. 6.3950000000000000e+02 0.
    1.3144998900735968e+03 426. 0. 0. 1.</data></Camera_Matrix>
<Distortion_Coefficients type_id="opencv-matrix">
  <rows>5</rows>
  <cols>1</cols>
  <dt>d</dt>
  <data>
    6.0724117563735865e-02 -3.5031330974122426e-03 0. 0.
    -1.4663078896417439e+00</data></Distortion_Coefficients>
<Avg_Reprojection_Error>6.3324308735018320e-01</Avg_Reprojection_Error>
<Per_View_Reprojection_Errors type_id="opencv-matrix">
  <rows>20</rows>
  <cols>1</cols>
  <dt>f</dt>
  <data>
    3.66317093e-01 6.63517177e-01 7.45904386e-01 4.51112598e-01
    6.71661079e-01 6.70159638e-01 7.55745947e-01 6.40027463e-01
    5.91507137e-01 7.90115476e-01 6.41533315e-01 3.92289102e-01
    5.47896445e-01 5.84282041e-01 7.17351913e-01 4.25036132e-01
    6.75509214e-01 4.68224198e-01 8.50888193e-01 7.27038741e-01</data></Per_View_Reprojection_Errors>
<!-- a set of 6-tuples (rotation vector + translation vector) for each view -->
<Extrinsic_Parameters type_id="opencv-matrix">
  <rows>20</rows>
  <cols>6</cols>
  <dt>d</dt>
  <data>
    -8.7358369513403852e-03 -1.6812894012938412e-01
    3.1313018328005451e+00 9.4589902122243146e+01 7.1214061765981469e+01
    4.3196621976040780e+02 -1.0331397391723265e+00
    -2.7556254272280322e-02 -2.9472079944969920e+00
    5.4190080946811975e+01 5.7474462198759852e+01 4.0763176597280687e+02
    -1.2473185554203761e+00 -1.0079607982287053e-01
    -2.8734171315153434e+00 4.3267356478955719e+01
    4.7854704213994651e+01 4.0316928747672245e+02 5.3543397312389374e-01
    8.0328421276244649e-03 3.0511708996539482e+00 9.2418647653670021e+01
    5.3888804642726072e+01 3.8703792394091556e+02
    -9.0316897530018370e-01 -9.2049090088067123e-02
    2.9207971983503036e+00 1.0220281988693645e+02 4.1885712016295585e+01
    5.1657564341487205e+02 -1.2057146598871500e+00
    -1.1894661122995273e-01 2.8022595044849621e+00
    6.8897071610969789e+01 3.4362432216004152e+01 6.1929254939761415e+02
    -1.4747064881022531e+00 8.8928312044844835e-03
    2.6615678801058502e+00 6.5401153804059291e+00 7.3983683271977995e+01
    6.7774335250818979e+02 1.1904667334164545e+00 9.7514399630942239e-01
    -2.6643116925455410e+00 9.9028094283898174e+00
    -1.0408861063838662e+01 6.9076318318561869e+02
    -2.5705025808729617e-02 -1.1399806054434136e+00
    2.9012869063112992e+00 1.0863219904416862e+02 2.7261398513076244e+01
    5.7143911572599063e+02 1.4987539859941179e+00 2.0655110418268268e-02
    2.7366198221620381e+00 4.5112338736889740e+01 4.7553808581475025e+01
    4.3458265258581059e+02 4.2495702337947616e-01 9.4536716850062696e-01
    -2.5906353241681916e+00 8.7643961833816178e+01
    7.4983208078123567e+01 5.5406275594116141e+02 4.2019887354687085e-01
    5.1167163150203665e-01 -2.3306505236856498e+00
    7.3350557993788058e+01 9.8034923185711932e+01 7.9155437075007683e+02
    -8.1389111091887664e-02 1.1090588756678679e+00
    2.8861846630030432e+00 1.0496240999526427e+02 1.0928134887548158e+02
    5.1566878558657083e+02 -1.4514893197055073e-02
    -1.4396331155925091e+00 -2.7790036191463798e+00
    1.1590556730371040e+02 1.0966199645373811e+02 5.1810272277278091e+02
    3.1778088015892175e-01 1.1330713992406001e+00
    -2.5694327278199713e+00 7.8857238501291619e+01
    8.1572343998984806e+01 5.8815516665408597e+02
    -9.0166187383537724e-02 -8.1701286085630409e-01
    2.9677601142808219e+00 8.5416558895535502e+01 4.9534657228788333e+01
    5.5816785687370361e+02 -1.8173165856566860e+00
    -2.7535722947012311e-02 2.4525421452236098e+00
    -1.0850575511107270e+02 6.5369956593965426e+01
    7.6066107575945784e+02 3.8389898271765516e-01 1.2850826361566863e+00
    -2.7642706073404972e+00 4.1196743823270332e+01
    -3.9750609985051589e+01 9.5611557625659339e+02
    1.8215357871373885e+00 3.8090590661041751e-01
    -2.4016454417185900e+00 -1.0460542461226274e+02
    4.9691655629551221e+01 8.4516856545317785e+02
    -1.6356631586604973e+00 -2.6872301801943943e-01
    2.6069788274954373e+00 -5.2836820181331348e+01
    2.8141069554172624e+01 6.7545897593408449e+02</data></Extrinsic_Parameters>
